FILE: instRand_100_100_1
100 100 0
1 23 18 28 12 7 3 19 17 10 22 3 22 7 22 6 21 17 21 20 19 13 23 3 14 12 24 27 25 26 19 20 24 0 28 21 5 29 12 29 11 24 6 8 6 15 30 14 10 13 5 7 1 1 27 13 3 20 29 16 15 15 10 17 19 7 26 22 25 16 7 20 28 14 21 25 21 11 13 5 25 30 24 27 2 27 11 7 1 28 18 2 9 24 12 21 12 7 27 24 2 2  
2 40 5 16 24 1 29 3 27 16 17 26 19 0 16 22 28 6 17 1 24 19 19 27 1 4 4 25 14 14 8 25 1 8 8 29 17 23 19 8 16 9 21 14 28 11 11 14 19 19 15 4 23 27 25 26 4 14 8 30 29 20 18 10 28 6 29 15 21 3 10 0 11 11 1 20 28 25 7 11 6 11 24 14 3 22 23 6 6 4 28 7 28 4 25 11 15 15 26 6 28 26  
3 9 7 12 21 7 28 5 1 22 30 25 3 16 1 2 6 22 1 11 15 22 28 19 22 18 2 6 23 4 25 1 0 7 3 21 13 3 3 24 27 23 20 29 19 21 5 26 1 1 7 9 17 8 9 4 6 15 26 12 4 19 19 18 21 0 18 25 15 11 16 22 11 12 15 11 10 24 14 1 13 30 1 27 26 28 20 13 13 23 21 1 18 16 6 28 20 29 28 17 29 29  
4 24 9 11 27 25 26 2 13 9 15 16 22 1 23 29 26 24 20 5 6 6 2 4 27 21 2 18 29 11 5 7 19 21 5 29 15 10 19 10 25 20 25 17 19 11 24 22 23 5 13 9 16 28 11 9 27 26 14 6 16 21 0 13 14 6 17 8 19 22 22 8 17 21 2 29 21 7 25 0 12 6 29 9 7 1 10 14 28 19 12 12 20 9 12 22 10 6 21 6 13 24  
5 33 6 15 6 0 17 0 3 17 9 0 16 2 7 23 6 21 16 28 0 6 18 13 12 1 10 9 22 25 14 14 8 21 14 8 5 30 3 20 13 20 4 20 2 16 28 19 11 11 27 13 8 1 10 3 10 19 6 29 24 19 19 24 15 10 10 6 16 16 23 4 22 15 30 19 10 19 9 13 30 26 19 27 24 11 7 2 24 14 1 28 1 15 6 29 18 3 6 25 22 28  
6 1 15 5 17 7 20 19 9 14 10 14 15 24 12 28 4 16 21 21 1 2 8 17 11 16 19 25 14 7 11 0 17 26 30 16 16 17 7 16 17 11 11 11 7 9 9 20 28 10 22 11 12 18 10 30 4 12 11 5 10 10 13 16 5 24 8 3 15 18 5 21 14 29 13 21 19 28 11 17 25 25 17 27 19 3 10 18 14 13 18 15 19 14 9 23 7 13 6 23 23 18  
7 43 17 0 19 4 23 20 28 4 29 15 12 4 7 12 4 20 7 17 28 25 15 3 13 30 14 21 26 20 20 18 16 9 2 22 25 13 5 16 20 27 27 8 30 6 28 9 1 23 25 4 14 15 3 3 25 12 29 21 13 2 5 3 29 15 30 6 23 19 5 15 13 12 12 21 7 23 27 27 10 4 21 10 24 27 17 18 2 10 10 3 3 7 11 25 16 2 8 8 7 1  
8 32 10 0 19 3 0 15 24 9 15 7 6 13 17 2 20 13 22 1 4 1 5 16 11 5 28 23 5 10 14 21 19 9 25 13 18 22 22 16 3 5 13 4 24 10 13 27 5 22 7 8 23 26 21 20 26 11 4 2 15 8 25 3 3 27 27 14 10 11 11 11 15 25 4 6 10 8 5 12 8 4 1 19 2 29 18 8 25 1 15 30 27 5 27 10 9 6 20 24 12 15  
9 34 13 3 14 8 8 13 9 14 23 4 13 25 5 1 20 29 29 4 2 14 10 19 20 26 11 2 5 12 10 17 16 24 0 7 16 28 18 19 17 5 19 6 30 18 29 8 16 9 8 21 15 22 13 12 11 12 2 3 23 10 3 21 2 6 6 21 23 20 11 27 10 24 2 15 15 14 21 26 21 27 1 25 19 15 6 5 20 29 18 21 16 24 6 26 21 23 4 12 18 3  
10 42 7 4 12 23 25 7 3 23 13 13 25 2 27 21 3 22 21 10 6 28 27 10 14 10 20 17 20 5 20 6 22 1 27 16 3 5 26 8 3 5 0 20 29 16 16 4 16 24 8 0 29 28 12 18 20 19 2 8 20 28 10 11 19 14 27 6 10 7 27 3 3 10 13 22 18 22 7 1 3 6 21 11 10 20 26 29 15 15 7 11 12 28 1 8 22 27 10 0 14 9  
11 25 28 14 21 5 0 22 13 23 12 4 8 24 3 23 25 29 9 28 0 2 29 11 8 27 21 19 27 12 30 3 25 11 7 19 2 16 30 30 15 27 24 17 3 3 13 1 11 21 18 6 5 16 26 7 25 25 2 19 4 10 3 3 24 1 1 8 2 28 0 1 30 25 5 5 11 16 28 28 28 26 9 8 18 23 10 9 10 8 3 17 11 1 16 6 20 11 19 14 2 26  
12 15 28 12 9 5 0 10 1 17 15 13 16 2 25 26 30 27 24 26 15 6 13 18 29 28 14 12 8 4 8 0 9 25 23 11 2 26 9 28 9 9 1 17 7 5 3 5 6 26 10 20 29 27 7 0 30 9 26 5 2 16 25 30 21 5 14 6 16 25 2 19 7 8 27 20 29 15 20 20 4 1 11 11 24 28 21 28 19 28 4 8 28 5 20 14 6 14 17 4 4 2  
13 45 29 12 15 12 9 25 3 21 9 17 16 7 5 23 17 8 14 27 2 21 5 26 27 2 14 25 27 6 25 8 3 28 8 23 2 22 22 19 29 28 17 15 10 6 16 24 25 17 9 7 4 6 3 10 26 23 19 25 6 15 19 14 27 26 23 10 22 21 10 14 9 5 15 7 1 9 3 7 1 4 9 20 26 1 7 16 11 14 18 18 29 14 6 18 5 19 13 27 6 0  
14 46 26 8 18 30 5 8 19 14 19 21 3 5 1 23 13 10 1 4 13 5 11 7 10 27 19 16 7 30 22 14 1 22 17 23 1 29 23 26 14 19 20 1 23 22 1 25 7 25 6 28 1 14 14 10 26 24 21 26 14 7 26 21 7 4 14 19 6 11 5 29 4 26 25 9 13 1 15 15 23 17 8 0 26 18 7 12 0 24 22 17 24 26 12 0 19 22 22 7 11 15  
15 0 11 0 11 30 7 28 26 1 2 0 23 21 13 8 3 13 12 1 25 11 7 9 3 14 1 3 30 17 25 20 11 22 8 19 12 12 14 30 6 1 30 19 6 24 7 29 20 8 25 14 19 5 14 14 4 12 27 11 18 19 24 24 5 29 14 15 18 4 5 0 17 16 5 7 1 23 22 24 2 17 23 8 29 16 23 18 9 24 17 9 6 11 11 28 20 5 22 8 1 17  
16 18 7 3 29 14 7 24 11 21 20 1 17 0 9 20 24 6 2 16 5 26 21 18 29 15 19 24 27 29 18 6 17 25 21 20 21 4 15 2 20 15 13 26 21 15 26 7 28 24 13 9 13 6 6 4 15 29 10 10 26 2 8 24 17 14 18 28 21 7 7 2 29 26 15 3 9 17 11 16 12 10 8 20 23 13 13 2 12 6 23 5 3 8 27 1 25 13 11 9 18 1  
17 40 9 14 25 25 30 17 2 19 7 10 26 13 3 15 6 24 3 3 13 11 15 3 7 26 23 1 27 29 17 26 24 10 1 18 27 7 29 24 23 2 27 30 27 12 6 11 2 5 27 6 13 10 13 21 27 26 15 0 1 9 19 3 27 4 21 8 29 5 30 29 2 6 13 5 1 3 25 8 2 14 18 15 29 17 15 21 1 9 10 25 25 24 30 21 0 24 10 7 10 2  
18 48 17 11 4 15 30 9 27 10 28 17 24 18 10 0 6 24 11 8 20 9 8 25 18 17 28 20 13 29 27 27 16 24 19 6 9 15 26 7 9 6 18 25 1 17 7 4 30 12 23 5 21 23 20 25 12 14 17 8 26 14 3 23 1 28 14 11 2 9 3 17 3 25 25 25 6 27 4 4 20 11 25 0 10 3 8 13 20 8 28 23 24 20 12 10 28 18 23 28 24 8  
19 34 3 14 4 18 10 19 26 20 1 22 8 25 18 3 6 16 6 17 21 14 16 5 27 13 7 17 21 29 26 18 17 5 28 11 23 10 27 22 13 16 2 24 28 21 12 27 13 20 27 12 16 17 8 28 14 20 24 10 0 0 20 3 27 28 1 3 6 7 11 30 18 27 15 11 25 4 3 0 17 16 8 11 26 23 13 8 9 7 26 27 9 4 8 24 13 25 11 26 25 12  
20 4 9 21 1 12 26 0 3 2 18 15 24 14 14 12 7 20 10 11 9 5 11 5 22 6 6 13 23 12 3 6 10 1 8 17 0 23 16 26 24 16 21 17 11 25 20 1 8 7 13 22 26 9 20 6 25 15 9 6 8 12 26 17 7 7 14 14 23 7 17 11 10 20 14 3 25 15 19 23 29 21 8 12 14 2 9 19 6 22 8 25 28 8 14 2 28 21 28 20 10 18  
21 22 19 5 23 8 11 18 7 8 29 20 17 14 6 2 17 16 15 9 3 5 25 25 20 25 1 1 8 27 29 24 9 19 14 16 29 27 17 28 11 12 4 2 18 26 15 0 19 17 19 21 17 13 9 22 7 13 22 11 9 3 7 4 27 5 2 25 11 1 18 23 27 17 26 22 11 13 10 19 6 11 21 3 22 4 9 11 18 7 25 0 6 9 26 9 28 2 9 27 26 17  
22 21 24 25 2 7 25 0 19 16 9 6 9 25 8 5 28 28 14 2 1 15 9 16 0 10 11 11 8 1 11 18 19 4 3 21 22 13 28 1 16 28 24 13 19 8 30 20 19 9 24 24 12 13 1 21 17 18 10 5 27 4 22 28 12 6 1 13 7 12 20 25 8 29 3 23 5 5 7 12 2 7 18 0 29 29 29 25 5 14 15 19 29 11 5 25 16 22 1 4 17 3  
23 11 17 6 19 6 21 13 4 8 8 21 22 13 5 2 6 4 29 3 16 5 6 5 6 4 4 17 4 8 7 7 18 30 6 18 4 26 10 9 3 25 28 27 13 14 3 14 16 12 17 18 1 15 26 2 3 4 13 29 8 5 13 18 3 2 19 14 12 15 3 8 3 17 18 23 14 10 21 18 2 11 19 5 27 25 1 0 10 24 26 19 22 19 17 7 27 16 27 18 27 4  
24 5 29 28 17 7 2 20 9 1 15 8 25 13 8 15 9 20 7 9 20 8 8 14 12 5 11 4 26 22 29 12 15 28 23 1 22 10 1 8 15 16 13 19 5 12 22 26 8 20 19 14 8 21 10 6 1 22 21 14 25 10 28 27 18 5 5 5 19 12 22 27 4 20 11 17 17 25 23 24 3 3 16 26 6 19 21 18 8 23 24 7 5 6 16 13 10 4 24 23 30 7  
25 32 3 30 18 18 7 30 15 22 17 1 21 27 8 27 22 21 30 25 5 19 8 11 14 11 29 28 30 0 7 17 23 10 29 24 25 19 24 3 15 4 15 19 15 8 4 6 20 8 12 5 23 28 21 19 7 23 30 2 18 18 3 19 7 19 21 5 8 4 26 8 15 19 22 24 12 2 1 2 17 3 29 13 26 15 8 17 15 0 4 6 2 16 12 11 5 10 22 3 16 7  
26 37 19 5 18 9 25 25 12 1 4 28 28 8 20 20 14 3 23 17 8 5 1 18 7 9 4 4 14 28 20 23 24 26 25 16 11 18 23 10 24 30 7 28 23 10 9 16 10 23 6 10 7 19 27 29 21 21 19 1 5 18 16 25 15 19 4 28 27 22 26 24 1 11 8 19 7 17 10 19 29 23 16 18 24 21 15 10 22 22 6 27 22 4 25 12 3 25 11 6 9 23  
27 45 16 8 16 27 14 7 12 21 10 20 3 26 20 0 28 8 16 6 12 24 10 1 28 8 18 4 3 8 12 2 6 22 13 27 0 17 18 25 2 9 7 27 16 14 15 9 28 24 25 6 1 29 12 18 4 25 24 16 12 26 4 9 22 2 6 23 19 28 29 0 18 26 0 1 9 7 12 23 2 23 22 25 23 29 27 5 16 17 20 23 24 8 0 15 26 21 17 25 29 18  
28 39 29 5 25 14 20 3 16 14 18 21 17 27 20 1 4 29 19 25 28 26 23 1 22 1 11 21 28 12 9 22 5 19 2 15 5 29 5 3 27 28 8 7 8 13 7 13 17 1 19 29 11 2 1 3 22 4 28 23 20 4 22 17 23 10 9 3 8 14 5 27 0 20 30 30 25 10 18 23 27 8 13 11 7 12 10 4 11 19 11 16 25 3 25 26 3 10 29 0 5 16  
29 46 23 2 9 23 26 2 9 26 21 9 25 22 24 8 11 25 7 19 7 0 2 6 20 18 17 25 8 12 25 13 8 1 8 23 7 19 6 25 7 27 22 15 7 18 25 16 12 10 5 17 9 14 8 15 2 6 23 8 12 15 18 18 25 17 8 17 22 0 28 9 29 14 9 21 5 17 19 4 11 18 18 23 4 16 5 7 11 4 19 3 10 9 25 26 11 22 19 19 24 21  
30 48 2 5 6 16 29 20 7 12 8 19 15 16 25 29 15 15 12 25 20 10 30 23 21 1 4 22 5 27 7 27 12 28 21 24 30 12 1 30 21 28 0 10 20 8 20 28 5 26 9 18 17 20 27 11 20 23 5 6 29 18 18 29 13 12 18 1 1 19 17 3 1 29 20 10 16 11 8 2 7 15 28 29 20 29 19 4 8 8 19 9 27 5 10 25 30 23 28 5 14 12  
31 32 29 8 1 28 29 21 17 27 28 14 8 19 2 23 22 1 21 17 1 15 5 27 18 12 24 15 19 17 24 17 22 22 24 15 19 21 23 25 6 14 2 22 14 8 10 7 23 14 4 16 26 5 8 13 16 16 25 4 23 16 1 6 1 4 3 13 23 27 3 23 19 20 28 2 20 11 22 7 17 16 23 1 9 18 21 15 4 28 16 7 27 27 11 29 1 27 7 23 5 15  
32 11 15 29 13 6 5 15 15 29 30 10 16 19 27 6 9 7 12 0 9 16 7 28 18 28 23 18 8 24 10 29 3 22 11 14 3 23 10 29 26 12 10 24 24 15 12 17 2 23 4 20 7 20 9 2 6 9 27 22 3 13 25 23 26 3 22 25 12 7 5 10 3 3 22 16 11 11 9 1 18 4 24 21 19 25 2 21 19 7 9 4 2 24 17 14 25 3 27 25 21 21  
33 23 26 26 13 10 18 19 27 15 8 6 23 19 10 14 28 14 15 4 25 10 10 13 8 20 8 29 12 20 27 29 22 4 18 28 11 16 18 15 20 0 6 17 12 9 13 10 6 4 24 24 11 20 25 8 8 2 12 5 26 20 5 12 10 24 25 19 25 25 24 11 16 25 18 20 19 18 19 12 27 10 14 23 6 5 4 2 14 11 13 19 9 1 24 4 26 27 27 4 6 26  
34 2 10 25 8 3 12 0 2 29 8 16 9 13 30 6 17 25 1 16 27 2 7 19 13 27 23 8 21 25 7 7 11 4 7 4 27 18 23 1 1 6 1 30 18 4 12 24 13 17 29 5 2 26 9 10 10 14 6 22 12 26 29 3 7 7 9 24 20 10 11 16 5 24 25 17 24 11 4 16 9 23 25 28 26 16 18 27 23 8 16 27 10 0 25 24 28 16 3 18 6 22  
35 27 3 27 4 15 24 12 30 17 6 20 29 19 17 24 9 22 4 1 22 23 11 4 17 21 16 21 8 29 30 11 20 1 23 9 27 17 10 3 24 10 22 28 1 2 6 16 13 15 13 14 15 3 1 23 7 27 19 21 7 5 5 15 9 5 5 21 19 17 18 1 6 16 4 19 12 26 10 11 24 10 23 26 24 27 9 29 23 7 2 22 0 23 20 29 29 3 29 18 2 14  
36 23 28 19 4 19 4 5 16 12 29 10 9 8 6 12 24 27 6 10 8 23 24 28 19 3 15 16 9 12 30 6 20 29 27 7 28 20 16 26 11 25 5 25 22 3 23 4 14 15 10 20 29 23 3 0 18 11 19 6 10 5 18 19 5 5 5 17 17 15 9 10 5 22 3 15 29 14 14 9 1 13 5 11 29 30 9 6 19 13 13 23 3 3 26 15 7 1 7 25 9 25  
37 5 8 1 8 14 5 19 11 23 17 20 16 17 26 20 12 29 11 16 1 20 20 8 29 7 7 27 18 18 21 8 4 7 29 15 24 10 22 2 7 22 12 3 8 12 8 25 24 13 29 13 3 4 27 1 1 9 2 2 14 26 26 25 12 1 13 27 30 20 13 3 12 6 15 7 25 8 10 3 9 9 27 13 13 18 5 16 29 24 3 22 4 29 28 17 21 4 25 26 29 20  
38 21 11 25 3 3 7 3 18 4 25 5 15 13 29 13 21 20 16 26 5 4 9 28 19 14 6 2 13 14 8 22 12 1 4 6 28 23 29 2 18 7 19 26 28 19 21 11 15 1 24 3 24 29 21 5 25 29 4 13 13 21 28 4 27 2 21 21 20 21 6 26 18 13 16 0 29 5 6 6 15 18 29 26 4 14 8 28 9 2 22 29 8 15 22 1 23 26 5 6 2 1  
39 25 7 11 16 28 30 20 20 25 26 9 28 27 4 14 23 6 14 18 19 2 8 1 6 15 27 15 11 18 28 28 5 21 8 5 17 30 21 6 11 29 24 13 4 3 1 24 9 20 15 5 18 12 1 1 26 22 22 9 18 2 19 8 28 0 4 10 10 29 20 18 5 3 18 2 15 8 8 14 25 22 13 8 20 10 12 13 6 2 19 14 8 5 19 15 5 12 16 26 5 14  
40 28 24 5 24 29 13 26 1 2 10 25 17 21 10 15 25 12 0 22 23 6 24 7 28 15 24 3 15 18 7 18 13 4 25 21 19 2 10 6 23 24 14 8 22 2 3 24 17 3 3 27 14 22 25 21 27 23 23 24 21 8 22 4 29 6 11 8 26 19 12 28 15 16 14 18 26 11 7 7 8 14 29 3 23 2 5 4 20 29 14 19 19 27 25 15 10 19 20 14 1 24  
41 11 27 21 6 13 3 27 2 18 29 17 21 9 15 28 23 5 14 30 20 3 17 10 7 10 18 11 27 0 11 27 29 10 19 3 11 11 26 20 7 18 13 19 23 1 29 30 25 20 22 8 11 24 16 3 20 14 4 17 9 12 15 16 27 29 4 15 25 20 26 11 13 18 14 17 2 22 12 30 17 20 30 27 25 27 8 24 21 15 26 13 2 2 21 20 9 8 22 19 26 28  
42 31 15 16 25 3 7 10 6 27 11 13 17 14 8 1 19 7 10 17 14 2 18 24 11 19 29 23 29 2 9 4 14 10 12 2 26 11 24 9 27 23 28 13 24 4 14 19 5 3 3 1 17 15 15 25 7 15 14 30 8 10 17 1 26 10 14 1 8 19 17 19 23 28 1 25 13 17 12 2 18 21 23 7 22 14 13 8 17 10 18 23 23 18 27 7 20 3 17 20 7 23  
43 9 11 27 16 29 28 21 5 2 4 30 16 5 9 2 14 20 22 7 4 21 17 24 20 6 29 29 2 10 22 4 15 11 29 29 21 8 11 3 2 23 1 5 26 7 6 30 22 16 17 2 27 22 24 13 18 12 13 16 9 15 21 26 21 19 5 18 5 20 9 25 16 17 25 27 28 28 9 27 10 21 25 9 23 19 24 17 7 28 6 2 8 3 3 16 9 18 12 1 5 17  
44 11 5 19 16 12 9 22 25 26 1 29 25 2 24 12 25 7 3 17 3 15 4 17 21 18 14 17 0 2 1 21 8 4 19 8 18 20 19 2 20 17 20 26 10 25 7 5 22 21 25 2 21 25 12 5 11 8 9 5 29 23 26 2 22 24 16 2 13 28 15 11 1 18 30 25 17 6 0 17 23 8 27 2 25 16 15 18 18 9 14 19 21 22 18 29 23 28 6 2 2 21  
45 13 7 6 5 8 2 7 29 9 19 13 23 11 17 2 4 21 23 29 11 15 29 24 19 2 26 27 19 1 9 24 7 4 23 4 8 26 22 4 16 12 3 3 12 9 29 4 26 18 22 13 28 15 30 12 30 7 30 14 30 26 25 20 11 3 8 6 13 5 9 9 22 29 25 7 17 5 15 4 5 2 1 29 26 17 12 12 10 11 4 7 28 4 5 4 17 28 1 0 16 5  
46 13 10 10 22 28 16 22 16 2 24 11 10 20 20 2 30 18 6 8 11 16 21 7 13 29 3 5 5 27 21 5 1 24 20 3 11 27 13 12 13 9 27 4 8 4 17 14 7 22 0 28 6 4 11 17 28 2 22 21 2 26 21 28 13 10 15 3 24 8 11 14 12 8 14 19 21 10 20 1 17 6 28 12 11 2 4 30 20 4 17 14 3 0 7 1 23 6 19 14 11 15  
47 10 3 9 13 25 28 5 26 13 11 23 15 20 5 9 17 5 21 26 6 19 9 19 13 27 10 19 30 19 22 6 19 22 10 4 26 1 17 8 3 8 15 22 22 9 23 27 0 23 22 10 25 6 2 30 29 17 27 3 3 28 26 30 26 1 7 14 21 16 2 12 21 8 3 22 23 29 9 27 5 16 14 14 5 20 18 13 25 0 29 26 22 12 7 30 1 2 9 16 27 29  
48 49 29 20 10 15 15 17 4 1 26 14 30 24 0 27 3 28 14 8 25 15 25 3 16 15 16 3 21 11 5 16 1 1 9 19 26 9 13 16 26 4 7 22 15 27 23 24 8 13 9 12 19 26 26 5 13 13 27 29 8 17 23 7 3 1 1 13 23 19 25 21 24 14 22 15 23 16 24 16 17 17 23 26 29 11 8 22 27 24 13 27 12 11 13 10 10 17 16 29 28 21  
49 15 12 13 16 20 24 28 8 16 7 16 11 1 25 9 27 13 28 14 16 30 7 8 10 9 26 9 29 16 0 12 9 2 15 7 25 18 10 7 15 23 24 24 30 16 27 3 29 12 0 17 20 3 25 18 18 22 2 24 9 21 5 21 29 7 22 16 11 3 25 26 2 6 14 6 21 1 4 17 7 15 2 12 27 14 12 2 15 7 3 12 5 20 9 28 16 1 11 2 25 18  
50 38 30 1 1 13 6 12 27 23 27 17 7 7 24 24 26 2 18 17 9 2 19 4 7 9 1 0 6 8 18 28 16 0 0 21 29 4 12 10 27 29 24 20 16 17 20 10 11 8 11 5 18 6 18 7 13 29 19 16 8 27 14 25 3 11 30 19 14 9 10 10 26 9 25 15 11 24 19 9 22 14 19 10 19 29 2 25 13 12 6 28 30 26 1 24 14 21 8 10 3 8  
51 17 23 12 24 15 17 4 4 13 23 27 12 23 8 16 30 6 29 1 2 26 18 26 2 14 0 24 11 2 19 6 28 24 19 13 27 6 16 8 29 28 11 9 12 22 10 29 20 7 24 1 1 13 26 25 27 23 20 14 2 21 4 18 13 3 18 27 19 1 10 6 13 4 28 1 5 17 29 20 5 21 2 3 18 10 22 13 9 3 17 1 19 14 8 12 3 5 9 16 22 10  
52 46 6 13 29 12 4 17 26 2 27 6 11 22 10 26 8 2 4 3 11 18 9 10 11 13 23 20 24 18 23 20 1 8 29 17 27 1 25 26 21 21 11 18 27 24 12 26 20 10 15 29 1 10 29 15 13 26 17 6 4 7 13 10 8 7 24 0 12 7 27 19 28 17 11 5 20 29 20 9 10 5 12 3 4 2 7 16 12 28 1 24 4 19 16 24 18 18 28 0 8 1  
53 35 5 20 24 28 19 1 12 6 18 18 27 9 8 13 14 5 16 28 29 0 11 27 26 10 8 5 17 24 30 22 27 5 14 0 30 29 26 17 13 19 21 11 24 21 20 3 18 16 15 10 5 13 9 29 10 0 2 0 12 4 11 7 9 28 18 6 4 27 27 3 3 15 3 30 16 29 28 21 13 5 11 5 7 3 13 10 4 11 5 15 12 16 15 0 3 29 5 7 11 2  
54 49 11 12 28 14 12 24 14 16 23 11 9 24 20 16 4 29 9 29 19 9 1 6 25 24 21 15 8 17 1 24 17 22 7 16 24 14 24 3 18 1 2 6 22 4 19 26 4 11 6 19 27 3 17 11 13 7 11 24 30 7 4 25 13 9 23 25 1 28 8 9 6 4 22 0 9 9 18 19 7 6 28 11 10 20 11 18 17 1 3 17 12 12 26 12 3 14 13 28 26 16  
55 42 3 3 17 13 6 10 10 6 19 28 11 13 20 5 15 28 30 0 3 10 15 0 26 24 0 17 25 17 28 8 8 9 1 8 14 1 27 26 19 26 6 1 2 18 29 13 23 23 16 21 12 13 1 14 29 27 27 19 3 4 11 22 27 19 3 4 11 8 4 16 24 14 10 5 1 4 14 19 17 18 14 24 23 21 2 28 19 11 8 3 4 19 9 14 15 16 15 24 21 6  
56 42 22 5 22 17 0 9 26 11 4 24 5 6 20 4 18 3 13 28 2 28 11 3 26 11 15 9 29 26 2 29 21 16 24 4 20 12 25 11 29 14 2 28 3 11 11 0 13 0 7 9 22 23 28 26 25 17 2 19 4 22 21 16 12 5 20 12 9 23 22 5 5 13 12 23 30 6 27 14 2 22 28 18 24 24 28 10 8 22 22 14 25 30 24 27 28 25 23 6 3 1  
57 23 15 29 25 2 18 15 21 8 22 9 16 13 6 22 13 6 20 20 11 29 19 7 6 6 15 19 26 17 9 24 26 27 10 12 8 1 8 7 12 24 27 16 7 20 3 4 17 2 12 21 22 30 3 5 7 15 1 0 5 1 14 4 26 28 16 7 5 6 7 16 22 25 27 27 2 9 23 14 18 3 6 24 27 8 6 27 8 14 18 8 6 0 10 2 25 19 11 10 13 19  
58 1 24 5 18 13 7 1 14 20 10 27 7 11 16 27 8 29 29 20 29 5 11 26 11 29 13 1 26 3 2 7 8 3 16 13 12 21 6 7 3 22 23 5 1 27 22 13 5 19 21 2 18 3 14 16 28 11 0 30 26 18 26 22 8 29 4 18 22 4 4 12 21 25 6 5 11 16 19 16 11 25 22 15 22 2 13 10 11 13 6 10 28 16 27 20 25 17 7 17 29 5  
59 26 29 26 6 22 17 13 27 18 21 1 24 2 20 4 1 28 3 11 6 28 2 27 15 3 24 14 23 2 7 11 17 26 27 10 10 10 23 28 5 2 19 7 16 25 6 22 1 6 3 7 9 13 29 24 17 13 22 10 15 10 25 27 6 22 21 8 8 10 29 17 6 6 29 30 10 23 28 16 27 22 23 19 28 19 20 25 2 4 17 27 3 28 16 14 12 18 10 21 3 23  
60 11 5 18 14 21 22 18 4 25 8 3 20 25 30 3 4 10 30 8 20 23 15 17 3 13 5 22 24 29 20 18 22 26 20 21 28 25 13 17 25 9 9 8 16 28 10 19 22 11 24 2 15 28 7 29 10 7 30 20 4 7 4 18 5 26 8 1 2 24 0 16 23 6 4 7 6 28 8 4 2 14 28 17 14 2 15 12 14 28 18 6 5 12 29 22 6 17 21 9 7 12  
61 38 5 26 24 11 29 14 14 29 14 3 6 15 4 18 30 30 29 25 27 22 17 15 15 4 27 30 18 9 7 12 13 14 12 20 13 22 5 2 6 10 6 29 7 8 18 21 24 8 15 12 26 18 20 20 23 29 3 26 2 17 12 29 29 4 15 23 9 21 15 5 22 5 22 25 30 27 19 29 28 17 27 4 25 21 27 24 9 11 11 28 0 10 15 7 15 10 14 2 29 15  
62 19 20 9 11 13 25 8 10 13 13 5 13 12 5 2 25 10 5 18 30 6 4 25 5 12 13 7 6 17 27 19 9 13 17 12 2 9 0 18 15 2 22 23 12 30 29 21 11 25 19 26 5 27 17 26 4 27 19 24 6 0 16 28 26 17 5 23 21 13 28 28 29 5 30 29 20 25 24 1 10 23 4 2 15 0 5 26 30 5 26 30 5 0 3 17 8 15 18 23 6 9  
63 14 16 2 26 6 27 25 26 23 9 21 21 19 23 29 14 19 16 17 22 19 5 2 1 20 7 25 22 24 30 14 17 3 28 18 26 12 2 7 28 12 10 25 15 29 9 25 0 24 23 8 24 28 16 13 6 6 11 15 20 11 9 17 2 6 24 1 3 2 14 13 27 16 18 26 22 5 6 11 10 24 13 11 30 8 1 10 7 13 8 23 7 7 12 20 5 2 3 26 17 21  
64 28 4 30 10 12 6 16 24 23 13 8 12 16 2 4 17 12 19 22 8 30 18 7 18 28 21 1 16 10 0 21 15 27 15 1 0 7 9 9 2 14 1 6 24 8 29 3 24 16 15 4 26 5 12 4 14 29 21 4 2 12 7 28 22 5 16 4 27 28 16 25 17 12 24 16 28 30 5 25 29 15 12 23 2 6 3 14 17 23 18 30 27 9 10 20 19 23 1 4 17 6  
65 4 4 8 23 8 8 28 15 20 13 28 23 24 8 21 7 27 28 7 0 11 20 28 19 0 18 16 17 12 12 6 1 8 15 13 25 13 12 18 7 28 16 10 19 4 26 13 20 21 27 12 23 18 5 14 22 19 24 7 18 11 15 28 8 16 25 24 15 5 1 15 10 11 14 3 23 8 20 7 13 24 2 10 26 4 5 10 6 19 4 15 0 7 17 21 9 23 23 2 26 4  
66 7 12 18 11 11 3 14 23 6 29 14 4 23 20 25 8 28 0 25 3 19 23 1 7 26 0 9 1 1 16 15 6 26 18 9 5 11 21 10 9 8 1 4 1 6 13 21 20 26 11 25 24 16 2 2 14 2 22 27 3 24 25 8 17 7 1 9 23 16 21 30 20 0 24 5 22 5 9 25 19 29 25 26 19 2 2 20 4 4 13 2 25 8 27 7 28 17 17 22 20 13  
67 4 2 24 17 29 8 0 20 26 11 11 18 23 17 11 12 9 13 12 28 20 19 13 22 28 2 14 1 11 21 27 27 30 24 27 4 29 1 23 12 3 20 24 19 27 14 27 14 30 21 11 2 11 17 3 9 12 4 19 5 16 12 2 21 3 17 22 18 7 13 26 19 7 11 14 14 17 29 4 26 3 22 12 24 14 2 26 3 26 18 25 9 1 25 4 6 19 4 8 4 15  
68 38 6 6 25 21 28 20 7 4 28 20 11 6 26 9 23 29 20 13 17 25 29 15 17 17 5 27 28 15 17 3 26 28 12 6 7 1 20 12 21 19 23 5 27 2 13 18 8 27 15 27 28 3 15 1 9 6 16 12 20 23 23 29 21 29 20 17 13 1 4 15 8 24 18 20 8 22 24 12 25 26 2 13 25 3 6 16 8 7 5 22 15 3 6 13 15 12 17 26 4 16  
69 14 26 2 15 21 1 10 6 14 29 21 25 24 10 1 1 6 25 8 0 2 27 3 21 3 18 7 30 30 10 25 5 19 10 3 2 22 15 22 26 3 1 25 20 25 21 9 26 10 27 11 1 19 13 20 2 5 14 3 16 14 5 21 4 7 27 10 28 10 28 19 29 22 29 3 26 27 12 25 2 1 28 14 26 4 16 7 7 1 3 7 4 22 23 11 25 25 25 11 23 9  
70 14 22 12 28 4 1 1 9 29 6 9 21 19 14 20 19 9 10 25 20 0 25 21 24 1 7 19 21 8 30 11 3 23 26 24 15 26 24 17 27 11 25 28 26 20 14 18 6 2 8 21 6 20 15 27 1 10 13 21 9 1 9 6 16 6 10 11 24 7 13 6 18 12 1 8 18 9 6 4 1 2 30 13 7 16 22 3 4 2 21 4 21 14 24 23 10 29 24 21 15 9  
71 23 23 7 13 13 13 13 25 19 9 29 8 25 2 8 3 9 11 30 6 17 11 7 22 25 6 12 16 16 7 10 28 25 2 16 27 6 4 13 10 29 23 25 4 25 4 18 11 21 18 22 13 24 15 18 16 25 2 19 8 21 11 11 5 24 29 0 10 26 10 15 3 15 18 5 12 20 15 16 25 13 3 16 28 23 24 1 27 2 19 2 0 3 22 7 9 25 28 24 17 5  
72 21 20 26 11 13 5 11 7 25 7 23 2 6 21 23 4 11 6 21 21 2 17 21 23 27 0 1 6 17 28 9 28 6 8 20 6 27 23 29 6 19 21 17 25 20 28 10 4 24 10 30 29 11 5 13 11 24 17 19 19 11 24 20 12 12 23 7 4 19 27 21 3 21 20 25 26 8 21 19 6 29 16 11 10 26 30 12 29 16 22 20 9 25 28 15 21 5 24 27 12 13  
73 30 6 3 27 4 22 28 1 18 29 27 6 20 19 27 4 6 1 18 21 7 6 10 5 6 25 16 2 23 28 12 14 14 10 21 28 5 30 23 1 6 22 9 13 16 12 3 25 1 8 25 27 11 2 0 27 13 22 20 17 15 13 10 29 28 10 18 3 14 3 9 25 19 5 11 15 16 10 24 9 28 14 10 10 5 16 7 2 30 21 20 11 12 8 26 1 24 4 9 15 14  
74 11 19 22 25 20 26 1 14 25 15 19 10 1 30 0 25 30 11 29 14 0 6 16 1 13 17 29 2 6 2 11 0 8 23 22 28 24 2 21 8 2 11 18 24 26 20 19 23 20 27 8 18 16 22 6 19 8 18 23 26 29 0 29 8 8 14 16 3 15 28 18 14 15 8 24 21 15 2 28 16 10 22 16 2 3 29 20 24 9 26 19 13 3 1 3 28 3 23 24 20 20  
75 19 6 21 21 20 29 19 24 19 1 19 2 20 27 26 22 14 4 24 29 28 28 2 11 14 29 10 1 12 10 9 29 7 22 28 20 22 6 23 17 22 29 2 7 24 21 1 14 0 22 25 16 2 15 18 7 26 8 22 17 11 23 2 10 12 14 22 3 20 28 7 3 19 26 2 13 0 23 24 7 5 30 12 6 27 18 8 4 22 1 3 0 23 28 22 18 27 1 12 9 9  
76 21 2 8 2 8 19 26 4 1 11 26 10 21 23 17 21 19 25 6 2 20 6 8 22 11 22 7 30 8 26 1 27 29 9 4 21 7 16 2 19 13 22 4 5 27 6 3 16 20 23 18 5 21 28 9 9 18 18 22 4 4 29 9 14 18 11 2 17 24 1 29 10 19 14 12 23 25 20 15 26 23 19 1 29 20 18 19 12 10 6 12 17 1 6 16 22 29 21 18 28 11  
77 8 28 4 2 10 10 23 9 8 11 17 24 27 11 21 12 28 0 20 22 19 11 19 0 7 28 6 20 18 28 10 1 18 1 3 16 11 7 25 13 0 29 13 7 20 12 11 27 7 21 1 29 3 12 26 16 8 0 14 29 8 28 3 30 13 1 8 27 17 7 14 27 25 26 13 19 15 26 14 18 2 25 26 9 12 21 3 6 23 6 13 26 25 10 24 28 23 4 21 7 18  
78 18 5 12 13 14 5 14 3 26 28 28 1 12 27 4 25 23 27 30 15 23 24 25 5 9 22 28 29 23 1 25 19 21 14 26 24 1 21 7 9 3 29 11 3 12 4 12 6 22 12 7 27 27 19 16 18 7 7 10 22 9 25 20 19 27 23 27 3 10 3 26 4 12 27 2 15 13 12 4 22 14 1 10 1 7 9 19 27 0 29 19 21 22 4 7 27 24 18 14 5 15  
79 41 11 26 25 22 7 1 17 20 4 26 23 21 1 10 12 16 11 17 9 4 24 4 20 23 16 8 4 28 8 3 17 25 3 5 23 13 21 13 29 15 1 19 12 15 19 7 14 23 3 1 29 29 14 20 15 16 2 26 11 21 25 26 14 22 15 22 28 15 19 29 16 10 27 10 26 5 2 15 9 24 26 0 13 20 6 21 2 8 25 9 11 7 22 21 7 24 14 20 2 24  
80 28 7 8 4 1 26 24 27 22 10 7 21 13 28 18 21 28 28 18 13 25 8 12 18 2 20 19 28 27 26 17 23 2 13 17 13 19 2 27 13 28 0 23 17 15 24 28 15 27 10 17 26 20 16 5 24 27 7 7 9 16 28 22 26 3 6 3 5 8 15 17 15 8 2 9 0 27 22 24 27 20 24 16 22 8 3 20 5 29 30 30 18 1 15 26 27 10 11 23 24 23  
81 36 11 4 0 25 24 8 14 23 22 18 25 14 19 5 24 15 3 25 4 17 27 6 28 7 26 21 26 29 3 27 9 0 0 16 2 18 11 12 11 28 2 1 4 20 15 18 1 27 17 20 1 29 5 28 10 9 7 14 22 11 21 18 28 4 7 11 11 19 10 6 0 10 6 5 28 20 29 9 28 24 10 18 2 16 28 2 15 25 30 7 27 29 20 3 13 24 30 3 2 16  
82 39 15 1 25 20 26 6 3 26 2 25 28 14 27 9 13 22 17 4 4 23 17 30 20 7 9 2 15 15 19 11 25 16 21 4 19 26 1 21 6 12 25 1 22 4 19 19 29 22 4 7 12 6 9 17 17 22 14 24 12 2 10 18 8 15 5 1 11 23 13 0 1 1 9 7 0 9 24 22 8 6 22 19 10 8 8 20 1 14 20 3 1 20 27 21 25 29 13 28 11 23  
83 2 22 18 19 18 20 20 6 20 20 4 10 25 0 21 17 13 3 27 8 7 20 9 3 16 9 22 13 23 0 29 3 20 6 4 14 13 18 30 19 24 25 18 14 7 23 17 22 26 24 29 11 1 1 1 19 27 4 24 6 10 3 19 2 24 17 2 10 12 20 6 3 25 3 25 7 8 27 24 3 24 23 24 25 23 5 1 20 4 14 25 3 3 16 7 7 2 22 15 21 13  
84 18 12 6 27 27 12 7 5 22 15 3 12 16 23 29 19 22 13 18 24 8 29 25 3 2 3 30 19 23 27 17 8 17 9 27 1 23 6 19 4 3 3 29 21 26 10 25 25 18 12 0 5 4 5 25 1 2 17 29 14 25 20 4 15 1 8 13 25 17 22 17 19 22 3 24 5 14 16 21 21 8 22 24 12 17 19 23 17 19 20 24 19 24 10 12 18 17 20 24 19 13  
85 39 10 15 26 20 2 30 8 1 4 5 19 0 26 3 28 30 28 10 23 13 21 3 15 23 0 7 27 10 25 25 9 25 3 3 11 25 16 2 2 1 13 3 2 29 20 27 6 25 23 6 17 26 28 18 9 20 6 7 30 14 2 2 13 12 26 6 1 25 20 12 29 10 1 13 19 9 20 17 24 17 13 2 11 6 14 8 23 25 5 27 12 24 19 20 7 2 29 16 3 13  
86 31 25 16 27 19 9 22 1 8 19 16 21 27 15 9 10 10 1 5 10 14 5 14 13 4 21 3 14 2 6 5 8 25 26 12 10 6 6 28 24 3 16 24 14 15 2 3 28 7 28 11 25 23 25 15 14 15 26 2 21 4 20 24 14 16 1 27 25 24 19 7 4 7 13 6 2 15 16 10 6 25 29 14 12 21 17 1 10 20 2 10 8 6 7 13 30 10 12 11 21 14  
87 9 2 18 11 11 16 17 24 1 24 1 13 27 15 19 4 19 22 5 4 13 13 25 0 7 6 13 30 9 30 22 16 2 24 20 2 19 15 15 12 16 16 4 20 5 26 26 11 18 7 13 1 22 8 27 1 9 20 12 17 29 0 5 23 15 4 22 30 27 17 24 7 24 3 8 26 1 10 20 2 24 11 12 8 20 16 25 6 25 13 12 5 19 1 24 1 19 28 3 23 3  
88 6 7 25 3 25 6 5 17 21 21 2 25 7 24 29 24 11 9 2 10 21 1 19 8 17 2 5 13 14 5 22 1 7 8 26 6 12 24 25 26 22 14 11 11 30 9 25 26 27 14 10 28 28 23 9 16 19 11 27 25 20 24 15 17 17 1 21 13 13 2 11 17 10 2 6 8 12 4 19 27 20 13 3 7 28 5 19 1 25 1 20 2 1 10 28 24 8 6 28 9 22  
89 25 20 11 4 16 5 30 8 8 13 18 3 29 13 11 17 22 10 7 19 6 1 27 14 25 8 25 5 18 17 1 4 3 15 24 20 2 28 23 13 28 5 13 17 14 28 26 6 9 21 21 13 23 0 11 25 29 25 14 26 12 6 28 2 28 19 22 24 14 16 24 6 23 19 12 6 23 11 3 2 15 17 13 29 16 22 29 3 2 17 17 27 0 1 29 12 1 9 28 21 14  
90 21 25 4 7 10 11 23 12 15 19 1 24 2 17 26 1 17 23 27 4 3 22 26 13 22 7 10 13 29 19 12 11 27 8 27 23 27 27 24 8 27 8 2 30 3 6 18 30 20 17 10 6 21 3 23 14 14 29 24 23 18 20 16 28 21 26 9 16 6 9 8 3 11 20 16 24 14 12 10 6 21 1 27 12 2 3 19 17 20 29 2 8 12 28 14 2 28 15 15 5 3  
91 31 16 6 11 2 18 5 25 21 23 13 29 3 2 25 12 6 8 27 2 22 12 6 21 2 18 1 18 26 8 9 27 16 14 12 7 3 6 30 10 28 28 11 6 4 16 0 16 14 18 12 18 7 14 18 3 18 3 5 19 12 7 12 18 15 12 1 19 23 1 10 15 21 6 7 8 22 17 28 6 5 1 11 26 1 26 12 17 27 25 27 19 7 15 0 29 17 5 6 8 23  
92 23 16 13 13 25 1 28 29 16 13 25 6 0 0 10 3 25 24 15 25 16 8 27 6 22 21 15 11 20 23 18 29 17 24 13 16 11 2 4 0 8 27 13 3 21 26 11 22 28 18 24 1 3 7 13 25 16 15 25 17 3 22 23 5 16 26 16 5 27 30 9 1 8 19 25 15 26 23 21 27 16 22 18 16 13 12 11 5 4 12 8 5 27 15 10 4 15 14 15 8 8  
93 29 8 14 18 17 7 10 27 15 17 1 29 15 12 24 18 12 18 27 15 12 21 19 13 16 2 1 20 6 8 14 27 11 8 4 16 13 11 20 13 23 19 13 10 5 15 15 6 20 30 12 13 24 0 6 7 15 23 13 11 27 28 2 20 29 13 9 28 12 3 29 22 7 12 16 15 25 12 28 25 23 12 4 4 25 13 29 5 18 24 6 29 8 19 28 1 23 21 10 25 24  
94 18 13 28 19 27 10 6 25 18 29 13 28 9 6 1 16 13 4 18 13 6 11 23 23 1 9 8 4 4 27 22 21 24 26 6 28 8 16 20 22 9 5 23 20 19 15 23 20 28 15 9 22 28 7 14 30 4 24 16 3 10 16 23 7 16 18 13 13 11 8 10 23 23 11 1 10 14 15 9 13 26 23 4 17 13 21 7 19 13 15 25 14 13 18 18 24 27 27 19 24 6  
95 28 22 25 13 26 14 12 24 2 26 1 24 28 18 15 5 6 29 16 13 29 21 29 29 28 11 8 6 19 14 28 4 3 17 20 16 12 27 7 17 22 10 17 8 20 6 13 20 5 9 6 2 25 7 30 7 2 15 27 30 17 13 2 3 10 26 5 9 10 9 6 25 9 10 14 6 15 29 9 5 13 20 12 29 2 22 13 24 19 29 28 17 24 14 26 17 19 14 11 18 26  
96 34 18 14 1 14 26 8 4 9 2 6 22 23 9 9 21 20 9 12 21 6 9 15 6 7 18 20 1 1 2 19 11 20 3 13 7 1 5 20 10 0 28 15 27 14 23 12 16 19 8 9 17 16 3 8 25 12 30 11 7 20 5 3 21 14 28 6 29 1 28 27 7 10 24 16 10 8 8 23 10 19 25 24 24 23 21 26 4 25 15 21 21 19 26 17 18 30 19 7 7 1  
97 16 18 27 20 14 27 16 17 26 25 18 9 1 1 27 11 16 6 8 7 8 15 29 5 3 8 25 21 25 14 2 28 26 7 23 16 29 4 18 21 4 20 18 8 26 11 25 24 13 20 19 18 16 16 7 24 19 5 20 4 17 15 10 12 0 8 14 1 17 8 20 13 17 4 25 7 22 12 10 28 11 23 3 20 23 18 13 29 30 17 18 18 7 11 26 4 7 1 20 3 0  
98 1 3 1 0 8 5 1 24 16 29 2 17 22 9 28 26 4 12 17 11 30 2 26 8 5 19 25 2 9 3 27 27 4 16 20 25 14 2 15 10 3 15 13 20 23 28 18 22 14 22 17 6 7 24 2 18 11 23 2 12 6 20 9 27 1 1 20 13 17 5 14 19 2 25 23 8 23 7 28 25 20 7 14 26 20 5 29 28 6 26 18 14 16 7 23 12 16 26 14 11 18  
99 29 10 1 19 12 26 21 17 10 13 21 26 10 30 27 13 24 10 23 26 10 15 19 8 16 24 4 27 10 18 25 21 9 27 11 10 9 28 3 25 18 5 9 23 28 14 7 16 18 23 16 15 23 18 12 8 18 2 13 10 29 7 27 5 20 25 17 10 13 25 22 6 10 22 14 20 22 3 10 23 25 7 24 1 20 14 18 10 28 1 17 6 5 5 8 4 12 6 11 8 29  
100 34 28 26 27 20 3 4 24 19 18 30 7 14 23 25 2 29 22 21 7 0 20 14 12 10 4 25 29 5 15 17 18 1 12 18 18 12 8 6 21 21 25 23 20 20 24 18 27 23 14 10 8 5 22 29 19 5 11 6 24 5 18 13 4 11 17 27 3 24 19 9 4 6 26 5 16 2 21 25 4 26 16 13 8 5 6 27 21 0 20 1 6 27 27 15 14 2 0 13 17 9  
