FILE: instRand_50_50_1
50 50 0
1 16 13 14 19 13 24 0 12 16 25 14 10 15 20 10 4 12 13 23 7 4 10 17 5 20 9 27 0 19 6 2 3 21 29 8 5 7 12 27 26 24 2 21 28 19 4 27 29 28 25 13  
2 27 27 12 5 24 6 11 22 5 14 30 19 20 3 5 21 4 3 13 30 27 19 6 24 11 29 18 19 25 14 9 7 18 3 14 10 24 18 1 17 13 0 10 7 21 10 9 29 4 19 0  
3 11 16 1 9 6 22 24 15 13 13 2 27 15 29 19 3 18 27 26 28 17 18 3 8 18 20 7 26 10 12 29 9 14 5 8 3 6 1 1 11 1 24 21 24 20 2 7 6 4 20 3  
4 45 28 23 13 16 15 29 27 27 13 15 29 11 19 13 14 8 21 27 25 25 3 11 20 4 8 27 22 3 21 27 20 5 24 29 10 27 2 15 13 21 8 21 24 13 26 15 9 6 24 1  
5 18 24 6 23 10 26 28 10 0 17 1 16 25 9 8 19 2 25 28 19 26 22 18 4 0 26 17 16 7 9 14 29 29 6 15 7 8 9 29 10 15 17 14 7 7 18 27 2 29 22 5  
6 20 14 21 26 4 6 26 6 22 24 1 21 17 19 11 6 21 11 26 26 27 12 9 1 25 14 22 27 15 10 15 12 12 25 9 17 24 5 11 5 3 26 10 11 10 22 28 26 5 3 27  
7 48 29 18 26 19 16 12 21 16 24 14 27 25 1 6 1 16 24 25 10 0 7 0 12 12 22 27 26 1 3 17 14 16 19 19 25 21 13 15 13 12 20 25 20 28 12 9 25 16 21 26  
8 40 15 6 11 0 1 5 15 2 6 0 2 14 6 18 21 9 0 8 16 14 29 18 14 8 5 13 2 27 23 27 4 13 16 1 28 25 22 14 12 2 18 3 8 12 28 18 10 14 5 2  
9 25 21 23 16 18 8 26 30 4 25 18 30 3 1 29 14 0 3 27 24 16 14 11 7 27 28 22 21 27 22 1 20 9 7 1 10 22 5 16 22 7 10 17 26 30 15 3 20 19 8 27  
10 37 6 21 27 19 4 7 7 6 25 13 4 15 15 11 17 14 17 19 26 11 7 21 1 24 2 7 28 29 20 2 16 19 1 14 20 27 13 7 12 5 19 18 13 22 19 9 6 23 25 12  
11 29 11 6 21 17 22 29 1 23 8 14 29 7 12 13 24 25 12 29 11 13 15 7 7 2 3 18 28 8 28 8 21 23 27 15 26 13 1 27 14 17 15 27 28 7 12 1 29 7 29 14  
12 36 17 6 5 18 15 20 7 23 7 24 7 24 26 17 24 7 12 8 23 26 8 18 9 15 4 29 13 12 11 19 0 12 24 5 20 30 6 14 27 13 29 2 9 29 1 20 15 28 7 26  
13 0 5 13 22 19 14 25 3 13 14 15 27 27 11 22 11 7 29 28 29 10 2 21 5 18 16 23 12 28 20 30 3 22 16 28 1 20 6 10 4 8 3 22 5 20 14 21 15 6 4 6  
14 10 10 4 15 9 6 9 26 11 2 17 29 20 29 19 13 25 2 19 1 16 20 30 13 10 26 0 2 20 24 9 3 14 13 30 6 26 0 6 27 23 4 2 3 1 0 24 30 10 21 29  
15 22 19 2 16 8 4 12 5 8 26 12 29 22 10 27 11 3 24 1 12 15 16 1 12 3 1 2 11 17 22 11 27 11 17 12 14 18 7 27 1 23 20 27 5 4 6 23 24 4 7 4  
16 34 11 27 19 21 29 16 8 18 24 16 27 4 22 25 19 21 28 10 29 13 16 23 16 3 1 6 15 20 29 5 15 27 3 13 28 14 12 1 22 4 3 26 16 16 21 21 7 18 14 8  
17 48 22 9 14 28 14 28 8 5 28 19 15 26 20 17 21 26 19 19 27 6 17 3 12 24 5 17 29 17 14 23 8 28 23 16 18 13 1 3 27 25 8 21 24 5 28 25 21 8 12 16  
18 32 0 4 25 19 1 5 3 3 28 23 12 23 26 14 16 15 30 13 7 2 14 23 27 19 19 20 7 11 27 13 29 10 14 27 3 4 8 18 30 16 20 7 29 11 29 3 9 19 1 13  
19 50 4 8 8 22 21 9 15 14 1 1 26 28 21 11 19 16 15 13 18 27 24 17 24 6 10 5 12 14 24 14 4 17 16 14 28 9 3 27 0 29 17 21 19 4 5 20 27 15 13 28  
20 37 16 9 7 3 7 13 16 27 28 3 19 20 18 18 8 24 3 27 10 25 28 29 15 16 1 14 24 9 5 17 3 12 10 23 15 25 16 12 14 12 11 11 17 2 26 9 20 16 2 18  
21 6 2 18 10 9 1 6 13 13 9 4 27 4 19 19 5 20 7 4 1 20 17 12 6 6 11 13 20 9 13 25 20 19 17 26 14 9 24 22 19 15 8 6 0 3 21 9 15 18 4 25  
22 25 15 22 2 1 6 11 21 23 10 28 17 1 27 17 24 26 14 11 7 10 1 28 28 21 18 9 0 12 3 21 21 2 18 29 19 11 11 23 3 30 28 11 8 9 27 26 29 15 24 15  
23 28 27 8 22 8 24 7 1 17 28 10 14 10 6 11 2 8 24 28 16 12 29 18 4 7 15 3 20 7 12 16 22 4 3 16 30 2 8 17 23 7 1 9 16 22 13 10 16 0 28 12  
24 13 4 21 4 22 9 29 20 11 12 5 22 29 8 10 24 18 12 18 19 20 18 29 25 15 15 19 14 6 22 25 11 19 23 30 20 9 1 5 10 22 27 22 19 0 6 26 7 8 14 4  
25 31 11 4 3 26 5 14 26 21 18 24 6 12 2 28 9 16 15 20 11 3 5 19 28 17 22 21 11 13 10 13 11 30 16 7 2 11 14 1 27 17 12 25 22 13 28 21 28 14 24 23  
26 12 26 30 24 15 27 12 27 29 9 7 28 23 28 3 15 29 19 8 15 2 9 12 11 19 17 28 22 19 18 29 25 14 25 21 29 3 29 28 26 30 3 21 20 14 8 28 18 5 5 28  
27 6 20 22 15 15 14 22 12 11 10 6 18 21 4 14 7 11 12 8 6 27 10 9 11 6 7 5 27 7 9 17 11 13 8 21 18 2 21 19 29 5 23 3 21 29 15 6 26 9 22 16  
28 30 14 2 25 6 25 11 25 8 7 14 23 14 27 12 2 8 23 18 0 15 28 17 22 16 26 12 28 9 25 23 29 1 16 3 19 20 13 15 2 23 14 21 12 17 7 9 26 18 27 8  
29 34 28 25 27 20 13 13 10 11 12 2 30 13 6 6 23 23 24 5 25 14 15 6 15 29 27 18 3 5 2 4 9 25 17 15 28 28 22 5 2 18 22 18 3 10 14 19 10 20 16 24  
30 38 1 18 3 16 6 2 12 1 11 18 23 25 26 18 4 13 21 11 7 11 26 18 15 6 14 17 13 4 12 6 16 23 6 28 1 5 20 7 5 1 20 8 24 12 4 26 2 11 4 1  
31 29 10 15 7 6 26 12 14 15 23 19 1 10 23 2 24 18 27 11 27 27 10 21 18 7 27 17 4 10 2 11 6 11 15 16 20 9 24 28 20 15 8 9 12 22 12 13 9 20 11 3  
32 18 25 26 27 17 7 11 9 12 10 12 3 27 25 3 3 24 5 4 13 0 24 5 22 7 23 15 20 0 7 19 12 4 24 4 23 1 11 11 5 25 30 4 22 15 6 13 9 2 11 7  
33 7 24 21 27 15 4 15 12 23 13 6 29 13 27 8 19 10 5 1 29 23 14 18 27 14 14 26 0 1 17 26 28 30 25 26 20 16 27 15 2 22 23 22 6 1 22 17 26 6 27 16  
34 47 29 23 16 29 17 23 15 27 15 15 18 4 15 28 4 6 5 14 3 23 20 19 8 26 24 5 17 25 12 0 5 17 16 9 11 30 14 15 8 5 25 28 18 1 12 27 10 29 23 2  
35 29 14 1 14 26 23 20 19 25 18 24 15 28 20 14 3 12 29 18 1 14 0 2 3 3 9 19 13 8 24 20 10 17 13 18 19 6 28 25 24 3 9 6 8 17 9 10 15 14 2 20  
36 34 6 26 22 7 4 26 20 7 15 26 16 28 27 17 0 19 29 28 12 7 15 29 12 6 15 1 11 6 24 17 24 20 9 11 8 18 27 2 18 17 12 11 25 12 12 2 29 11 26 7  
37 29 28 16 5 7 17 6 30 17 12 29 24 19 17 21 18 29 4 14 29 12 2 20 18 8 17 1 9 11 19 28 4 13 27 2 14 25 23 9 21 28 18 19 21 24 28 10 15 8 0 19  
38 4 20 9 21 23 27 3 3 27 9 5 26 5 17 3 29 9 3 28 14 1 26 19 4 11 22 12 13 21 14 15 14 30 7 24 3 25 10 29 26 16 1 23 13 7 16 10 7 15 5 1  
39 35 27 2 23 9 5 7 17 28 19 28 25 16 5 6 22 16 5 23 20 15 26 30 20 6 19 25 30 21 29 19 12 10 3 27 1 4 7 6 30 28 15 29 22 1 12 10 29 7 12 19  
40 5 11 19 24 11 2 5 22 10 26 27 29 21 11 2 29 14 4 16 29 7 3 22 26 18 20 8 13 18 17 21 27 10 12 24 10 13 19 10 27 26 22 11 17 15 7 4 23 29 11 2  
41 42 22 12 29 20 2 29 28 8 25 13 4 17 15 13 23 10 3 5 0 15 29 20 29 1 3 21 24 8 20 0 13 9 23 19 11 6 15 21 9 12 20 12 15 27 13 29 5 23 26 26  
42 17 12 13 16 15 29 9 5 16 26 11 21 11 10 2 18 24 16 29 12 7 28 23 5 30 27 8 11 17 4 18 23 24 26 19 15 25 18 30 27 22 28 4 25 7 8 14 28 29 13 7  
43 38 9 9 19 1 26 14 1 18 11 29 13 30 10 10 21 2 20 22 16 26 16 15 14 29 3 3 4 12 16 9 29 21 20 25 3 15 8 11 29 30 23 22 16 26 8 20 10 11 11 6  
44 13 24 26 14 26 17 12 12 24 24 23 11 28 29 6 22 3 28 10 28 27 9 29 24 14 22 24 29 21 14 15 14 25 14 28 8 3 4 18 13 21 5 5 4 24 1 10 29 30 13 26  
45 27 3 25 28 3 16 18 19 22 20 17 6 11 4 24 3 15 29 14 13 28 27 20 24 26 25 3 15 27 18 16 22 5 21 4 28 26 5 13 20 20 17 20 10 29 27 30 2 15 15 10  
46 15 15 27 20 5 6 23 4 3 18 18 19 8 11 21 2 4 9 1 24 9 23 13 27 3 10 28 26 15 22 25 23 17 20 16 29 27 18 10 11 10 21 2 11 13 6 7 26 6 25 17  
47 12 17 2 16 25 17 26 14 8 15 28 9 27 19 14 17 8 10 3 24 13 2 14 24 18 3 4 21 25 26 22 12 17 20 17 20 9 19 22 13 21 23 11 4 26 14 17 25 16 11 16  
48 49 15 19 15 15 22 11 8 2 30 29 7 4 17 5 27 30 22 29 3 23 18 15 25 18 17 9 7 14 4 13 22 17 23 18 1 8 23 16 17 26 7 24 14 19 15 7 9 20 23 15  
49 43 15 28 2 26 4 20 0 20 29 30 10 21 26 7 14 22 12 5 6 21 3 10 2 0 29 10 7 12 4 11 27 14 7 17 14 29 10 19 15 19 20 28 16 9 23 11 6 8 26 4  
50 35 28 14 27 12 3 10 6 27 22 2 21 14 21 5 21 5 21 13 28 26 24 29 5 25 11 16 5 13 7 17 8 20 26 18 0 10 8 6 24 15 8 24 23 20 11 3 30 22 10 14  
